************************************************************************
#General Information
projects                      :  1
jobs (incl. supersource/sink ):  22
horizon                       :  92
RESOURCES
  - renewable                 :  2   R
  - nonrenewable              :  0   N
  - doubly constrained        :  0   D
************************************************************************
#Projects summary
pronr.  #jobs rel.date duedate tardcost  MPM-Time
    1     20      0       30       15      30 
************************************************************************
#Precedence relations
#jobnr.    #modes  #successors   successors
   1        1          3           2   3   4
   2        1          3           6   9  14
   3        1          3           5   8  11
   4        1          3          12  16  20
   5        1          2           9  17
   6        1          3           7  12  18
   7        1          2           8  17
   8        1          2          15  16
   9        1          3          10  13  16
  10        1          2          12  20
  11        1          3          14  15  19
  12        1          2          19  21
  13        1          1          15
  14        1          1          18
  15        1          1          21
  16        1          1          21
  17        1          1          19
  18        1          1          20
  19        1          1          22
  20        1          1          22
  21        1          1          22
  22        1          0        
************************************************************************
#Duration and resources
#jobnr. mode duration  R1  R2
  1      1     0       0    0
  2      1     2       0    4
  3      1     1       0    2
  4      1     4       6    0
  5      1     5       0    2
  6      1     1       0    3
  7      1     6       0    4
  8      1     2       4    0
  9      1     7       0    3
 10      1     2       0    3
 11      1     5       0    2
 12      1     5       2    0
 13      1     2       2    0
 14      1     8       0    2
 15      1     3       0    3
 16      1     8       0    2
 17      1     5       2    0
 18      1     8       0    2
 19      1    10       0    4
 20      1     1       3    4
 21      1     7       3    0
 22      1     0       0    0
************************************************************************
#Resource availability
#resource   qty
  R1        6   
  R2        9 
************************************************************************